Categoría: Todas las categorías

Semana,Espiritualidad: (Italia)
2018-12-30,29
2019-01-06,31
2019-01-13,29
2019-01-20,30
2019-01-27,28
2019-02-03,30
2019-02-10,27
2019-02-17,28
2019-02-24,27
2019-03-03,29
2019-03-10,29
2019-03-17,32
2019-03-24,30
2019-03-31,27
2019-04-07,30
2019-04-14,27
2019-04-21,32
2019-04-28,31
2019-05-05,31
2019-05-12,32
2019-05-19,28
2019-05-26,31
2019-06-02,29
2019-06-09,28
2019-06-16,31
2019-06-23,27
2019-06-30,31
2019-07-07,28
2019-07-14,33
2019-07-21,30
2019-07-28,32
2019-08-04,36
2019-08-11,47
2019-08-18,38
2019-08-25,34
2019-09-01,31
2019-09-08,32
2019-09-15,30
2019-09-22,34
2019-09-29,34
2019-10-06,40
2019-10-13,48
2019-10-20,37
2019-10-27,30
2019-11-03,30
2019-11-10,30
2019-11-17,33
2019-11-24,31
2019-12-01,33
2019-12-08,30
2019-12-15,30
2019-12-22,32
2019-12-29,34
2020-01-05,34
2020-01-12,32
2020-01-19,31
2020-01-26,31
2020-02-02,34
2020-02-09,35
2020-02-16,33
2020-02-23,34
2020-03-01,38
2020-03-08,60
2020-03-15,82
2020-03-22,83
2020-03-29,78
2020-04-05,100
